julia> omg = [sin(pi/3)*cos(pi/6), sin(pi/3)*sin(pi/6), cos(pi/3)]
3-element Array{Float64,1}:
 0.75
 0.43301270189221924
 0.5000000000000001

julia> theta = pi/3;

julia> R = MatrixExp3(VecToso3(omg)*theta)
3×3 Array{Float64,2}:
  0.78125   -0.270633   0.5625
  0.595392   0.59375   -0.541266
 -0.1875     0.757772   0.625

julia> t = [1, 2, 3]
3-element Array{Int64,1}:
 1
 2
 3

julia> T = RpToTrans(R,t)
4×4 Array{Float64,2}:
  0.78125   -0.270633   0.5625    1.0
  0.595392   0.59375   -0.541266  2.0
 -0.1875     0.757772   0.625     3.0
  0.0        0.0        0.0       1.0

julia> (R1,t1) = TransToRp(T)
([0.78125 -0.27063293868263727 0.5624999999999999; 0.5953924651018015 0.5937500000000001 -0.5412658773652742; -0.18749999999999992 0.7577722283113838 0.6250000000000002], 
[1.0, 2.0, 3.0])

julia> R1
3×3 Array{Float64,2}:
  0.78125   -0.270633   0.5625
  0.595392   0.59375   -0.541266
 -0.1875     0.757772   0.625

julia> t1
3-element Array{Float64,1}:
 1.0
 2.0
 3.0

julia> Tinv = TransInv(T)
4×4 Array{Float64,2}:
  0.78125    0.595392  -0.1875    -1.40953
 -0.270633   0.59375    0.757772  -3.19018
  0.5625    -0.541266   0.625     -1.35497
  0.0        0.0        0.0        1.0

julia> T*Tinv
4×4 Array{Float64,2}:
  1.0          -1.27258e-16  -5.55112e-17   4.44089e-16
 -1.27258e-16   1.0          -5.07962e-17   0.0
 -5.55112e-17  -5.07962e-17   1.0          -8.88178e-16
  0.0           0.0           0.0           1.0
 