julia> omg = [sin(pi/3)*cos(pi/6), sin(pi/3)*sin(pi/6), cos(pi/3)]
3-element Array{Float64,1}:
 0.75
 0.43301270189221924
 0.5000000000000001

julia> theta = pi/3;

julia> t = [1, 2, 3]
3-element Array{Int64,1}:
 1
 2
 3

julia> xi = [omg; cross(-omg,t)]
6-element Array{Float64,1}:
  0.75
  0.43301270189221924
  0.5000000000000001
 -0.29903810567665756
  1.75
 -1.0669872981077808

julia> se3mat = VecTose3(xi)
4×4 Array{Float64,2}:
  0.0       -0.5    0.433013  -0.299038
  0.5        0.0   -0.75       1.75
 -0.433013   0.75   0.0       -1.06699
  0.0        0.0    0.0        0.0

julia> se3ToVec(se3mat)
6×1 LinearAlgebra.Adjoint{Float64,Array{Float64,2}}:
  0.75
  0.43301270189221924
  0.5000000000000001
 -0.29903810567665756
  1.75
 -1.0669872981077808

julia> T = MatrixExp6(se3mat*theta)
4×4 Array{Float64,2}:
  0.78125   -0.270633   0.5625    -0.927484
  0.595392   0.59375   -0.541266   1.84091
 -0.1875     0.757772   0.625     -0.203044
  0.0        0.0        0.0        1.0

julia> MatrixLog6(T)
4×4 Array{Float64,2}:
  0.0       -0.523599   0.45345   -0.313152
  0.523599   0.0       -0.785398   1.8326
 -0.45345    0.785398   0.0       -1.11735
  0.0        0.0        0.0        0.0

julia> se3mat*theta
4×4 Array{Float64,2}:
  0.0       -0.523599   0.45345   -0.313152
  0.523599   0.0       -0.785398   1.8326
 -0.45345    0.785398   0.0       -1.11735
  0.0        0.0        0.0        0.0

julia> Adjoint(T)
6×6 Array{Float64,2}:
  0.78125   -0.270633    0.5625     0.0        0.0        0.0
  0.595392   0.59375    -0.541266   0.0        0.0        0.0
 -0.1875     0.757772    0.625      0.0        0.0        0.0
 -0.224279   1.51554     1.04066    0.78125   -0.270633   0.5625
 -0.332532   0.757772    0.465465   0.595392   0.59375   -0.541266
 -1.99042   -0.0524841  -0.533494  -0.1875     0.757772   0.625
